Fixation @ 50% Bodyweight
MT
[[-8.56210501e-01 -3.82103254e-01  3.47707752e-01  1.50455600e+02]
 [ 1.75867730e-01 -8.48409787e-01 -4.99270844e-01  3.64388800e+02]
 [ 4.85771674e-01 -3.66330366e-01  7.93617001e-01 -2.14157400e+02]
 [ 0.00000000e+00  0.00000000e+00  0.00000000e+00  1.00000000e+00]]
MC
[[-8.56210501e-01 -3.82103254e-01  3.47707752e-01  1.50455600e+02]
 [ 1.75867730e-01 -8.48409787e-01 -4.99270844e-01  3.64388800e+02]
 [ 4.85771674e-01 -3.66330366e-01  7.93617001e-01 -2.14157400e+02]
 [ 0.00000000e+00  0.00000000e+00  0.00000000e+00  1.00000000e+00]]
IC
[[-8.56210501e-01 -3.82103254e-01  3.47707752e-01  1.50455600e+02]
 [ 1.75867730e-01 -8.48409787e-01 -4.99270844e-01  3.64388800e+02]
 [ 4.85771674e-01 -3.66330366e-01  7.93617001e-01 -2.14157400e+02]
 [ 0.00000000e+00  0.00000000e+00  0.00000000e+00  1.00000000e+00]]

50% BW + 200N
MT
[[-8.47613998e-01 -4.28568361e-01  3.12857268e-01  1.50414800e+02]
 [ 2.30152458e-01 -8.28208802e-01 -5.10979477e-01  3.64935200e+02]
 [ 4.78100780e-01 -3.61108489e-01  8.00637436e-01 -2.13035700e+02]
 [ 0.00000000e+00  0.00000000e+00  0.00000000e+00  1.00000000e+00]]
MC
[[-8.47613998e-01 -4.28568361e-01  3.12857268e-01  1.50414800e+02]
 [ 2.30152458e-01 -8.28208802e-01 -5.10979477e-01  3.64935200e+02]
 [ 4.78100780e-01 -3.61108489e-01  8.00637436e-01 -2.13035700e+02]
 [ 0.00000000e+00  0.00000000e+00  0.00000000e+00  1.00000000e+00]]
IC
[[-8.47613998e-01 -4.28568361e-01  3.12857268e-01  1.50414800e+02]
 [ 2.30152458e-01 -8.28208802e-01 -5.10979477e-01  3.64935200e+02]
 [ 4.78100780e-01 -3.61108489e-01  8.00637436e-01 -2.13035700e+02]
 [ 0.00000000e+00  0.00000000e+00  0.00000000e+00  1.00000000e+00]]

50% BW + 400N
MT
[[-8.55315353e-01 -4.24456959e-01  2.97105936e-01  1.53568600e+02]
 [ 2.25192326e-01 -8.21005655e-01 -5.24631423e-01  3.65106700e+02]
 [ 4.66609112e-01 -3.81819334e-01  7.97803192e-01 -2.12462300e+02]
 [ 0.00000000e+00  0.00000000e+00  0.00000000e+00  1.00000000e+00]]
MC
[[-8.55315353e-01 -4.24456959e-01  2.97105936e-01  1.53568600e+02]
 [ 2.25192326e-01 -8.21005655e-01 -5.24631423e-01  3.65106700e+02]
 [ 4.66609112e-01 -3.81819334e-01  7.97803192e-01 -2.12462300e+02]
 [ 0.00000000e+00  0.00000000e+00  0.00000000e+00  1.00000000e+00]]
IC
[[-8.55315353e-01 -4.24456959e-01  2.97105936e-01  1.53568600e+02]
 [ 2.25192326e-01 -8.21005655e-01 -5.24631423e-01  3.65106700e+02]
 [ 4.66609112e-01 -3.81819334e-01  7.97803192e-01 -2.12462300e+02]
 [ 0.00000000e+00  0.00000000e+00  0.00000000e+00  1.00000000e+00]]

50% BW + 600N
MT
[[-8.64543572e-01 -4.10075539e-01  2.90521023e-01  1.63710000e+02]
 [ 2.23122353e-01 -8.31186937e-01 -5.09258963e-01  3.63236500e+02]
 [ 4.50311923e-01 -3.75454829e-01  8.10094342e-01 -2.11920700e+02]
 [ 0.00000000e+00  0.00000000e+00  0.00000000e+00  1.00000000e+00]]
MC
[[-8.64543572e-01 -4.10075539e-01  2.90521023e-01  1.63710000e+02]
 [ 2.23122353e-01 -8.31186937e-01 -5.09258963e-01  3.63236500e+02]
 [ 4.50311923e-01 -3.75454829e-01  8.10094342e-01 -2.11920700e+02]
 [ 0.00000000e+00  0.00000000e+00  0.00000000e+00  1.00000000e+00]]
IC
[[-8.64543572e-01 -4.10075539e-01  2.90521023e-01  1.63710000e+02]
 [ 2.23122353e-01 -8.31186937e-01 -5.09258963e-01  3.63236500e+02]
 [ 4.50311923e-01 -3.75454829e-01  8.10094342e-01 -2.11920700e+02]
 [ 0.00000000e+00  0.00000000e+00  0.00000000e+00  1.00000000e+00]]

50% BW + 800N
MT
[[-8.58809672e-01 -4.33241689e-01  2.73400048e-01  1.63330600e+02]
 [ 2.49079188e-01 -8.19473643e-01 -5.16161318e-01  3.64229900e+02]
 [ 4.47666735e-01 -3.75186070e-01  8.11683379e-01 -2.11611700e+02]
 [ 0.00000000e+00  0.00000000e+00  0.00000000e+00  1.00000000e+00]]
MC
[[-8.58809672e-01 -4.33241689e-01  2.73400048e-01  1.63330600e+02]
 [ 2.49079188e-01 -8.19473643e-01 -5.16161318e-01  3.64229900e+02]
 [ 4.47666735e-01 -3.75186070e-01  8.11683379e-01 -2.11611700e+02]
 [ 0.00000000e+00  0.00000000e+00  0.00000000e+00  1.00000000e+00]]
IC
[[-8.58809672e-01 -4.33241689e-01  2.73400048e-01  1.63330600e+02]
 [ 2.49079188e-01 -8.19473643e-01 -5.16161318e-01  3.64229900e+02]
 [ 4.47666735e-01 -3.75186070e-01  8.11683379e-01 -2.11611700e+02]
 [ 0.00000000e+00  0.00000000e+00  0.00000000e+00  1.00000000e+00]]

50% BW + 1000N
MT
[[-8.30466265e-01 -5.00128902e-01  2.45350490e-01  1.63456200e+02]
 [ 3.35585495e-01 -8.00693151e-01 -4.96258858e-01  3.64252900e+02]
 [ 4.44643855e-01 -3.29790175e-01  8.32784656e-01 -2.11081500e+02]
 [ 0.00000000e+00  0.00000000e+00  0.00000000e+00  1.00000000e+00]]
MC
[[-8.30466265e-01 -5.00128902e-01  2.45350490e-01  1.63456200e+02]
 [ 3.35585495e-01 -8.00693151e-01 -4.96258858e-01  3.64252900e+02]
 [ 4.44643855e-01 -3.29790175e-01  8.32784656e-01 -2.11081500e+02]
 [ 0.00000000e+00  0.00000000e+00  0.00000000e+00  1.00000000e+00]]
IC
[[-8.30466265e-01 -5.00128902e-01  2.45350490e-01  1.63456200e+02]
 [ 3.35585495e-01 -8.00693151e-01 -4.96258858e-01  3.64252900e+02]
 [ 4.44643855e-01 -3.29790175e-01  8.32784656e-01 -2.11081500e+02]
 [ 0.00000000e+00  0.00000000e+00  0.00000000e+00  1.00000000e+00]]

50% BW + 1200N
MT
[[-8.73229241e-01 -3.94954894e-01  2.85449336e-01  1.63709000e+02]
 [ 2.21841066e-01 -8.43735450e-01 -4.88770940e-01  3.64688700e+02]
 [ 4.33886199e-01 -3.63484692e-01  8.24391682e-01 -2.10954400e+02]
 [ 0.00000000e+00  0.00000000e+00  0.00000000e+00  1.00000000e+00]]
MC
[[-8.73229241e-01 -3.94954894e-01  2.85449336e-01  1.63709000e+02]
 [ 2.21841066e-01 -8.43735450e-01 -4.88770940e-01  3.64688700e+02]
 [ 4.33886199e-01 -3.63484692e-01  8.24391682e-01 -2.10954400e+02]
 [ 0.00000000e+00  0.00000000e+00  0.00000000e+00  1.00000000e+00]]
IC
[[-8.73229241e-01 -3.94954894e-01  2.85449336e-01  1.63709000e+02]
 [ 2.21841066e-01 -8.43735450e-01 -4.88770940e-01  3.64688700e+02]
 [ 4.33886199e-01 -3.63484692e-01  8.24391682e-01 -2.10954400e+02]
 [ 0.00000000e+00  0.00000000e+00  0.00000000e+00  1.00000000e+00]]

50% BW + 1400N
MT
[[-8.25471304e-01 -5.11948631e-01  2.37709330e-01  1.63653500e+02]
 [ 3.53449140e-01 -7.97177485e-01 -4.89470900e-01  3.64793000e+02]
 [ 4.40080483e-01 -3.20026024e-01  8.38994942e-01 -2.10420600e+02]
 [ 0.00000000e+00  0.00000000e+00  0.00000000e+00  1.00000000e+00]]
MC
[[-8.25471304e-01 -5.11948631e-01  2.37709330e-01  1.63653500e+02]
 [ 3.53449140e-01 -7.97177485e-01 -4.89470900e-01  3.64793000e+02]
 [ 4.40080483e-01 -3.20026024e-01  8.38994942e-01 -2.10420600e+02]
 [ 0.00000000e+00  0.00000000e+00  0.00000000e+00  1.00000000e+00]]
IC
[[-8.25471304e-01 -5.11948631e-01  2.37709330e-01  1.63653500e+02]
 [ 3.53449140e-01 -7.97177485e-01 -4.89470900e-01  3.64793000e+02]
 [ 4.40080483e-01 -3.20026024e-01  8.38994942e-01 -2.10420600e+02]
 [ 0.00000000e+00  0.00000000e+00  0.00000000e+00  1.00000000e+00]]

50% BW + 1600N
MT
[[-8.13781740e-01 -5.30787854e-01  2.36692909e-01  1.62540100e+02]
 [ 3.73853817e-01 -7.89924081e-01 -4.86058915e-01  3.66083600e+02]
 [ 4.44963597e-01 -3.07057323e-01  8.41262859e-01 -2.10110900e+02]
 [ 0.00000000e+00  0.00000000e+00  0.00000000e+00  1.00000000e+00]]
MC
[[-8.13781740e-01 -5.30787854e-01  2.36692909e-01  1.62540100e+02]
 [ 3.73853817e-01 -7.89924081e-01 -4.86058915e-01  3.66083600e+02]
 [ 4.44963597e-01 -3.07057323e-01  8.41262859e-01 -2.10110900e+02]
 [ 0.00000000e+00  0.00000000e+00  0.00000000e+00  1.00000000e+00]]
IC
[[-8.13781740e-01 -5.30787854e-01  2.36692909e-01  1.62540100e+02]
 [ 3.73853817e-01 -7.89924081e-01 -4.86058915e-01  3.66083600e+02]
 [ 4.44963597e-01 -3.07057323e-01  8.41262859e-01 -2.10110900e+02]
 [ 0.00000000e+00  0.00000000e+00  0.00000000e+00  1.00000000e+00]]

50% BW + 1800N
MT
[[-8.32219427e-01 -5.01467878e-01  2.36518058e-01  1.60966000e+02]
 [ 3.45793026e-01 -8.02892518e-01 -4.85582936e-01  3.67595500e+02]
 [ 4.33402824e-01 -3.22325258e-01  8.41586847e-01 -2.09767300e+02]
 [ 0.00000000e+00  0.00000000e+00  0.00000000e+00  1.00000000e+00]]
MC
[[-8.32219427e-01 -5.01467878e-01  2.36518058e-01  1.60966000e+02]
 [ 3.45793026e-01 -8.02892518e-01 -4.85582936e-01  3.67595500e+02]
 [ 4.33402824e-01 -3.22325258e-01  8.41586847e-01 -2.09767300e+02]
 [ 0.00000000e+00  0.00000000e+00  0.00000000e+00  1.00000000e+00]]
IC
[[-8.32219427e-01 -5.01467878e-01  2.36518058e-01  1.60966000e+02]
 [ 3.45793026e-01 -8.02892518e-01 -4.85582936e-01  3.67595500e+02]
 [ 4.33402824e-01 -3.22325258e-01  8.41586847e-01 -2.09767300e+02]
 [ 0.00000000e+00  0.00000000e+00  0.00000000e+00  1.00000000e+00]]

50% BW + 2000N
MT
[[-8.13969092e-01 -5.33609698e-01  2.29597491e-01  1.60934400e+02]
 [ 3.82061793e-01 -7.89483079e-01 -4.80359505e-01  3.66588400e+02]
 [ 4.37587824e-01 -3.03277361e-01  8.46486703e-01 -2.09710500e+02]
 [ 0.00000000e+00  0.00000000e+00  0.00000000e+00  1.00000000e+00]]
MC
[[-8.13969092e-01 -5.33609698e-01  2.29597491e-01  1.60934400e+02]
 [ 3.82061793e-01 -7.89483079e-01 -4.80359505e-01  3.66588400e+02]
 [ 4.37587824e-01 -3.03277361e-01  8.46486703e-01 -2.09710500e+02]
 [ 0.00000000e+00  0.00000000e+00  0.00000000e+00  1.00000000e+00]]
IC
[[-8.13969092e-01 -5.33609698e-01  2.29597491e-01  1.60934400e+02]
 [ 3.82061793e-01 -7.89483079e-01 -4.80359505e-01  3.66588400e+02]
 [ 4.37587824e-01 -3.03277361e-01  8.46486703e-01 -2.09710500e+02]
 [ 0.00000000e+00  0.00000000e+00  0.00000000e+00  1.00000000e+00]]

