Fixation @ 50% Bodyweight
MT
[[-0.32  0.71  0.63  0.  ]
 [-0.86  0.07 -0.51  0.  ]
 [-0.41 -0.7   0.58  0.  ]
 [ 0.    0.    0.    1.  ]]
MC
[[-0.8  -0.6   0.08  0.  ]
 [-0.54  0.65 -0.54  0.  ]
 [ 0.27 -0.48 -0.84  0.  ]
 [ 0.    0.    0.    1.  ]]
IC
[[-0.05  0.96  0.29  0.  ]
 [-0.96  0.03 -0.27  0.  ]
 [-0.26 -0.29  0.92  0.  ]
 [ 0.    0.    0.    1.  ]]

50% BW + 200N
MT
[[-0.21  0.75  0.62  5.57]
 [-0.88  0.12 -0.45 -3.25]
 [-0.41 -0.65  0.64  0.98]
 [ 0.    0.    0.    1.  ]]
MC
[[-0.86 -0.51  0.04  6.37]
 [-0.45  0.7  -0.55 -3.73]
 [ 0.26 -0.49 -0.83  1.68]
 [ 0.    0.    0.    1.  ]]
IC
[[-0.13  0.97  0.23  5.56]
 [-0.97 -0.08 -0.23 -3.7 ]
 [-0.21 -0.25  0.95  1.6 ]
 [ 0.    0.    0.    1.  ]]

50% BW + 400N
MT
[[-0.41  0.67  0.62  5.69]
 [-0.85 -0.04 -0.52 -3.14]
 [-0.33 -0.74  0.59  1.51]
 [ 0.    0.    0.    1.  ]]
MC
[[-0.81 -0.58  0.07  6.25]
 [-0.51  0.65 -0.56 -3.83]
 [ 0.28 -0.49 -0.82  1.84]
 [ 0.    0.    0.    1.  ]]
IC
[[-0.08  0.97  0.24  5.6 ]
 [-0.97 -0.02 -0.23 -3.7 ]
 [-0.22 -0.26  0.94  1.9 ]
 [ 0.    0.    0.    1.  ]]

50% BW + 600N
MT
[[-0.1   0.78  0.62  5.87]
 [-0.9   0.2  -0.39 -2.39]
 [-0.43 -0.6   0.68  1.84]
 [ 0.    0.    0.    1.  ]]
MC
[[-0.84 -0.54  0.05  6.28]
 [-0.47  0.68 -0.57 -3.16]
 [ 0.27 -0.5  -0.82  2.67]
 [ 0.    0.    0.    1.  ]]
IC
[[-0.1   0.97  0.24  5.41]
 [-0.97 -0.04 -0.23 -2.91]
 [-0.21 -0.25  0.94  2.37]
 [ 0.    0.    0.    1.  ]]

50% BW + 800N
MT
[[ 0.05  0.79  0.61  5.37]
 [-0.89  0.32 -0.34 -1.62]
 [-0.46 -0.52  0.72  2.27]
 [ 0.    0.    0.    1.  ]]
MC
[[-0.81 -0.58  0.06  6.2 ]
 [-0.51  0.65 -0.56 -2.83]
 [ 0.29 -0.49 -0.83  3.1 ]
 [ 0.    0.    0.    1.  ]]
IC
[[-0.05  0.97  0.25  5.26]
 [-0.97  0.01 -0.22 -2.82]
 [-0.22 -0.25  0.94  2.65]
 [ 0.    0.    0.    1.  ]]

50% BW + 1000N
MT
[[-0.45  0.65  0.61  5.3 ]
 [-0.84 -0.08 -0.53 -1.49]
 [-0.3  -0.75  0.59  2.56]
 [ 0.    0.    0.    1.  ]]
MC
[[-0.82 -0.57  0.06  5.84]
 [-0.5   0.66 -0.57 -2.55]
 [ 0.28 -0.5  -0.82  3.31]
 [ 0.    0.    0.    1.  ]]
IC
[[-0.05  0.97  0.24  5.01]
 [-0.97  0.01 -0.22 -2.56]
 [-0.22 -0.25  0.94  3.11]
 [ 0.    0.    0.    1.  ]]

50% BW + 1200N
MT
[[-0.26  0.76  0.6   6.33]
 [-0.89  0.06 -0.45 -1.31]
 [-0.38 -0.65  0.66  2.94]
 [ 0.    0.    0.    1.  ]]
MC
[[-0.82 -0.56  0.06  7.  ]
 [-0.49  0.65 -0.58 -2.92]
 [ 0.29 -0.51 -0.81  3.71]
 [ 0.    0.    0.    1.  ]]
IC
[[-0.01  0.97  0.24  6.37]
 [-0.98  0.04 -0.2  -3.19]
 [-0.2  -0.24  0.95  3.49]
 [ 0.    0.    0.    1.  ]]

50% BW + 1400N
MT
[[-0.26  0.76  0.59  6.24]
 [-0.89  0.04 -0.45 -1.17]
 [-0.37 -0.65  0.67  3.34]
 [ 0.    0.    0.    1.  ]]
MC
[[-0.82 -0.58  0.06  7.42]
 [-0.5   0.64 -0.58 -3.09]
 [ 0.3  -0.5  -0.81  4.29]
 [ 0.    0.    0.    1.  ]]
IC
[[-0.01  0.97  0.23  6.51]
 [-0.98  0.04 -0.19 -3.23]
 [-0.19 -0.23  0.95  4.08]
 [ 0.    0.    0.    1.  ]]

50% BW + 1600N
MT
[[-7.81e-01  1.98e-01  5.92e-01  6.18e+00]
 [-6.24e-01 -2.42e-01 -7.43e-01 -1.04e+00]
 [-4.07e-03 -9.50e-01  3.12e-01  3.50e+00]
 [ 0.00e+00  0.00e+00  0.00e+00  1.00e+00]]
MC
[[-0.84 -0.54  0.05  7.2 ]
 [-0.47  0.66 -0.58 -2.77]
 [ 0.28 -0.51 -0.81  4.72]
 [ 0.    0.    0.    1.  ]]
IC
[[-0.01  0.97  0.23  6.57]
 [-0.98  0.04 -0.2  -3.2 ]
 [-0.2  -0.23  0.95  4.39]
 [ 0.    0.    0.    1.  ]]

50% BW + 1800N
MT
[[-0.65  0.48  0.58 13.57]
 [-0.74 -0.24 -0.62 -2.98]
 [-0.16 -0.84  0.52  3.94]
 [ 0.    0.    0.    1.  ]]
MC
[[-0.84 -0.55  0.04 15.18]
 [-0.46  0.66 -0.59 -5.33]
 [ 0.3  -0.51 -0.81  5.41]
 [ 0.    0.    0.    1.  ]]
IC
[[-0.07  0.97  0.23 14.14]
 [-0.98 -0.02 -0.2  -5.34]
 [-0.19 -0.24  0.95  4.89]
 [ 0.    0.    0.    1.  ]]

50% BW + 2000N
MT
[[ 6.14e-01  2.08e-01  7.61e-01  5.00e+01]
 [ 7.31e-01  2.13e-01 -6.48e-01 -9.73e+00]
 [-2.97e-01  9.55e-01 -2.12e-02  5.42e+00]
 [ 0.00e+00  0.00e+00  0.00e+00  1.00e+00]]
MC
[[-8.69e-01 -4.95e-01  2.20e-02  5.16e+01]
 [-4.08e-01  6.89e-01 -5.99e-01 -1.23e+01]
 [ 2.81e-01 -5.29e-01 -8.00e-01  7.35e+00]
 [ 0.00e+00  0.00e+00  0.00e+00  1.00e+00]]
IC
[[ -0.34   0.92   0.22  50.51]
 [ -0.92  -0.28  -0.26 -12.41]
 [ -0.18  -0.29   0.94   6.83]
 [  0.     0.     0.     1.  ]]

