Fixation @ 50% Bodyweight
MT
[[-8.56210501e-01 -3.82103254e-01  3.47707752e-01  1.50455600e+02]
 [ 1.75867730e-01 -8.48409787e-01 -4.99270844e-01  3.64388800e+02]
 [ 4.85771674e-01 -3.66330366e-01  7.93617001e-01 -2.14157400e+02]
 [ 0.00000000e+00  0.00000000e+00  0.00000000e+00  1.00000000e+00]]
MC
[[-8.66595902e-01  4.97019488e-01  4.45328101e-02  1.53835600e+02]
 [ 4.92385953e-01  8.66172767e-01 -8.54447811e-02  3.55444500e+02]
 [-8.10408287e-02 -5.21187670e-02 -9.95347185e-01 -2.16570800e+02]
 [ 0.00000000e+00  0.00000000e+00  0.00000000e+00  1.00000000e+00]]
IC
[[-4.24346149e-01 -8.70924824e-01  2.47831185e-01  1.65871400e+02]
 [ 8.50013672e-01 -4.77468603e-01 -2.22487056e-01  3.62193100e+02]
 [ 3.12101110e-01  1.16248370e-01  9.42909971e-01 -2.18148200e+02]
 [ 0.00000000e+00  0.00000000e+00  0.00000000e+00  1.00000000e+00]]

50% BW + 200N
MT
[[-8.47613998e-01 -4.28568361e-01  3.12857268e-01  1.50414800e+02]
 [ 2.30152458e-01 -8.28208802e-01 -5.10979477e-01  3.64935200e+02]
 [ 4.78100780e-01 -3.61108489e-01  8.00637436e-01 -2.13035700e+02]
 [ 0.00000000e+00  0.00000000e+00  0.00000000e+00  1.00000000e+00]]
MC
[[-8.70421949e-01  4.91010443e-01  3.56983893e-02  1.54149000e+02]
 [ 4.86572578e-01  8.69054334e-01 -8.93962608e-02  3.55984700e+02]
 [-7.49183376e-02 -6.04426102e-02 -9.95356184e-01 -2.15509100e+02]
 [ 0.00000000e+00  0.00000000e+00  0.00000000e+00  1.00000000e+00]]
IC
[[-4.15858044e-01 -8.79816799e-01  2.30183595e-01  1.65847200e+02]
 [ 8.60681128e-01 -4.62506861e-01 -2.12874140e-01  3.62682300e+02]
 [ 2.93751736e-01  1.09589253e-01  9.49578914e-01 -2.16931500e+02]
 [ 0.00000000e+00  0.00000000e+00  0.00000000e+00  1.00000000e+00]]

50% BW + 400N
MT
[[-8.55315353e-01 -4.24456959e-01  2.97105936e-01  1.53568600e+02]
 [ 2.25192326e-01 -8.21005655e-01 -5.24631423e-01  3.65106700e+02]
 [ 4.66609112e-01 -3.81819334e-01  7.97803192e-01 -2.12462300e+02]
 [ 0.00000000e+00  0.00000000e+00  0.00000000e+00  1.00000000e+00]]
MC
[[-8.54774992e-01  5.18894439e-01  1.04054985e-02  1.56931800e+02]
 [ 5.16898086e-01  8.52946182e-01 -7.27954573e-02  3.56007600e+02]
 [-4.66484882e-02 -5.68451542e-02 -9.97292609e-01 -2.14786700e+02]
 [ 0.00000000e+00  0.00000000e+00  0.00000000e+00  1.00000000e+00]]
IC
[[-3.99083892e-01 -8.86445208e-01  2.34407639e-01  1.68619200e+02]
 [ 8.64392496e-01 -4.49003229e-01 -2.26322144e-01  3.62397500e+02]
 [ 3.05871967e-01  1.12298682e-01  9.45426542e-01 -2.16290400e+02]
 [ 0.00000000e+00  0.00000000e+00  0.00000000e+00  1.00000000e+00]]

50% BW + 600N
MT
[[-8.64543572e-01 -4.10075539e-01  2.90521023e-01  1.63710000e+02]
 [ 2.23122353e-01 -8.31186937e-01 -5.09258963e-01  3.63236500e+02]
 [ 4.50311923e-01 -3.75454829e-01  8.10094342e-01 -2.11920700e+02]
 [ 0.00000000e+00  0.00000000e+00  0.00000000e+00  1.00000000e+00]]
MC
[[-9.98258129e-01 -5.88887559e-02  3.58088395e-03  1.66879900e+02]
 [-5.89235046e-02  9.98206981e-01 -1.05281915e-02  3.53874300e+02]
 [-2.95447125e-03 -1.07208510e-02 -9.99938165e-01 -2.14189300e+02]
 [ 0.00000000e+00  0.00000000e+00  0.00000000e+00  1.00000000e+00]]
IC
[[-4.16484364e-01 -8.79114918e-01  2.31727717e-01  1.78687700e+02]
 [ 8.56616202e-01 -4.64842909e-01 -2.23896745e-01  3.60181000e+02]
 [ 3.04547955e-01  1.05252223e-01  9.46663886e-01 -2.15752400e+02]
 [ 0.00000000e+00  0.00000000e+00  0.00000000e+00  1.00000000e+00]]

50% BW + 800N
MT
[[-8.58809672e-01 -4.33241689e-01  2.73400048e-01  1.63330600e+02]
 [ 2.49079188e-01 -8.19473643e-01 -5.16161318e-01  3.64229900e+02]
 [ 4.47666735e-01 -3.75186070e-01  8.11683379e-01 -2.11611700e+02]
 [ 0.00000000e+00  0.00000000e+00  0.00000000e+00  1.00000000e+00]]
MC
[[-8.39957010e-01  5.42648429e-01  2.21444283e-03  1.66384900e+02]
 [ 5.41513437e-01  8.38450533e-01 -6.13506375e-02  3.55228900e+02]
 [-3.51485278e-02 -5.03327475e-02 -9.98113819e-01 -2.13861600e+02]
 [ 0.00000000e+00  0.00000000e+00  0.00000000e+00  1.00000000e+00]]
IC
[[-4.41568042e-01 -8.69537669e-01  2.21182970e-01  1.78564000e+02]
 [ 8.51397886e-01 -4.83861689e-01 -2.02483346e-01  3.61196100e+02]
 [ 2.83088862e-01  9.89045388e-02  9.53980392e-01 -2.15266400e+02]
 [ 0.00000000e+00  0.00000000e+00  0.00000000e+00  1.00000000e+00]]

50% BW + 1000N
MT
[[-8.30466265e-01 -5.00128902e-01  2.45350490e-01  1.63456200e+02]
 [ 3.35585495e-01 -8.00693151e-01 -4.96258858e-01  3.64252900e+02]
 [ 4.44643855e-01 -3.29790175e-01  8.32784656e-01 -2.11081500e+02]
 [ 0.00000000e+00  0.00000000e+00  0.00000000e+00  1.00000000e+00]]
MC
[[ 8.71247606e-01 -4.90500105e-01  1.83645384e-02  1.66635400e+02]
 [-4.90595562e-01 -8.71387024e-01  8.04964372e-04  3.55294100e+02]
 [ 1.56077853e-02 -9.71088431e-03 -9.99831034e-01 -2.13277700e+02]
 [ 0.00000000e+00  0.00000000e+00  0.00000000e+00  1.00000000e+00]]
IC
[[-4.25576185e-01 -8.75680755e-01  2.28184412e-01  1.78476300e+02]
 [ 8.55104420e-01 -4.71664044e-01 -2.15242791e-01  3.61179200e+02]
 [ 2.96110353e-01  1.03519294e-01  9.49527469e-01 -2.14975400e+02]
 [ 0.00000000e+00  0.00000000e+00  0.00000000e+00  1.00000000e+00]]

50% BW + 1200N
MT
[[-8.73229241e-01 -3.94954894e-01  2.85449336e-01  1.63709000e+02]
 [ 2.21841066e-01 -8.43735450e-01 -4.88770940e-01  3.64688700e+02]
 [ 4.33886199e-01 -3.63484692e-01  8.24391682e-01 -2.10954400e+02]
 [ 0.00000000e+00  0.00000000e+00  0.00000000e+00  1.00000000e+00]]
MC
[[-9.80862324e-01  1.94531723e-01  8.15539133e-03  1.66364200e+02]
 [ 1.94013255e-01  9.80053373e-01 -4.30609240e-02  3.55399000e+02]
 [-1.63694345e-02 -4.06545839e-02 -9.99039162e-01 -2.12777400e+02]
 [ 0.00000000e+00  0.00000000e+00  0.00000000e+00  1.00000000e+00]]
IC
[[-3.77159248e-01 -9.03882312e-01  2.01860514e-01  1.78480400e+02]
 [ 8.83396385e-01 -4.16556780e-01 -2.14688789e-01  3.61344100e+02]
 [ 2.78139765e-01  9.73509860e-02  9.55594609e-01 -2.14379500e+02]
 [ 0.00000000e+00  0.00000000e+00  0.00000000e+00  1.00000000e+00]]

50% BW + 1400N
MT
[[-8.25471304e-01 -5.11948631e-01  2.37709330e-01  1.63653500e+02]
 [ 3.53449140e-01 -7.97177485e-01 -4.89470900e-01  3.64793000e+02]
 [ 4.40080483e-01 -3.20026024e-01  8.38994942e-01 -2.10420600e+02]
 [ 0.00000000e+00  0.00000000e+00  0.00000000e+00  1.00000000e+00]]
MC
[[-2.94617843e-02  9.99165878e-01  2.82763435e-02  1.66744600e+02]
 [ 9.98116349e-01  2.78843504e-02  5.46462850e-02  3.55528200e+02]
 [ 5.38122359e-02  2.98330578e-02 -9.98105321e-01 -2.12443600e+02]
 [ 0.00000000e+00  0.00000000e+00  0.00000000e+00  1.00000000e+00]]
IC
[[-3.75958898e-01 -9.04576846e-01  2.00986659e-01  1.78550300e+02]
 [ 8.84318462e-01 -4.15046573e-01 -2.13815810e-01  3.61476300e+02]
 [ 2.76831655e-01  9.73502572e-02  9.55974457e-01 -2.14041800e+02]
 [ 0.00000000e+00  0.00000000e+00  0.00000000e+00  1.00000000e+00]]

50% BW + 1600N
MT
[[-8.13781740e-01 -5.30787854e-01  2.36692909e-01  1.62540100e+02]
 [ 3.73853817e-01 -7.89924081e-01 -4.86058915e-01  3.66083600e+02]
 [ 4.44963597e-01 -3.07057323e-01  8.41262859e-01 -2.10110900e+02]
 [ 0.00000000e+00  0.00000000e+00  0.00000000e+00  1.00000000e+00]]
MC
[[-9.32882088e-01  3.60070630e-01  8.95272085e-03  1.65493100e+02]
 [ 3.57942289e-01  9.29562535e-01 -8.82655693e-02  3.56849200e+02]
 [-4.01039530e-02 -7.91368112e-02 -9.96056744e-01 -2.12080200e+02]
 [ 0.00000000e+00  0.00000000e+00  0.00000000e+00  1.00000000e+00]]
IC
[[-4.16988401e-01 -8.85318880e-01  2.05745360e-01  1.77391500e+02]
 [ 8.67910264e-01 -4.55063744e-01 -1.99119973e-01  3.63012500e+02]
 [ 2.69911925e-01  9.55377910e-02  9.58133646e-01 -2.13640000e+02]
 [ 0.00000000e+00  0.00000000e+00  0.00000000e+00  1.00000000e+00]]

50% BW + 1800N
MT
[[-8.32219427e-01 -5.01467878e-01  2.36518058e-01  1.60966000e+02]
 [ 3.45793026e-01 -8.02892518e-01 -4.85582936e-01  3.67595500e+02]
 [ 4.33402824e-01 -3.22325258e-01  8.41586847e-01 -2.09767300e+02]
 [ 0.00000000e+00  0.00000000e+00  0.00000000e+00  1.00000000e+00]]
MC
[[-7.46535624e-01  6.65292275e-01  8.41133555e-03  1.63779200e+02]
 [ 6.61953288e-01  7.41395228e-01  1.10231396e-01  3.58454600e+02]
 [ 6.70999723e-02  8.78595753e-02 -9.93870358e-01 -2.11525300e+02]
 [ 0.00000000e+00  0.00000000e+00  0.00000000e+00  1.00000000e+00]]
IC
[[-3.80377936e-01 -9.05639912e-01  1.87427256e-01  1.75968900e+02]
 [ 8.88785478e-01 -4.13995207e-01 -1.96642677e-01  3.64291400e+02]
 [ 2.55681442e-01  9.17840876e-02  9.62394244e-01 -2.13270400e+02]
 [ 0.00000000e+00  0.00000000e+00  0.00000000e+00  1.00000000e+00]]

50% BW + 2000N
MT
[[-8.13969092e-01 -5.33609698e-01  2.29597491e-01  1.60934400e+02]
 [ 3.82061793e-01 -7.89483079e-01 -4.80359505e-01  3.66588400e+02]
 [ 4.37587824e-01 -3.03277361e-01  8.46486703e-01 -2.09710500e+02]
 [ 0.00000000e+00  0.00000000e+00  0.00000000e+00  1.00000000e+00]]
MC
[[-2.65710154e-01  9.63860788e-01  1.92482534e-02  1.64088200e+02]
 [ 9.63054147e-01  2.64473325e-01  5.07993224e-02  3.57385500e+02]
 [ 4.38728254e-02  3.20350060e-02 -9.98523377e-01 -2.11510800e+02]
 [ 0.00000000e+00  0.00000000e+00  0.00000000e+00  1.00000000e+00]]
IC
[[-3.89280446e-01 -9.04492565e-01  1.74223807e-01  1.75735400e+02]
 [ 8.90414035e-01 -4.17940366e-01 -1.80246212e-01  3.63629900e+02]
 [ 2.35846520e-01  8.49649974e-02  9.68068886e-01 -2.12998900e+02]
 [ 0.00000000e+00  0.00000000e+00  0.00000000e+00  1.00000000e+00]]

