Fixation @ 50% Bodyweight
MT
[[-3.15360710e-01  7.06302152e-01  6.33786157e-01 -2.00957200e+02]
 [-8.57911988e-01  7.32782829e-02 -5.08544308e-01 -2.82439900e+02]
 [-4.05628700e-01 -7.04107637e-01  5.82835992e-01 -2.15941900e+02]
 [ 0.00000000e+00  0.00000000e+00  0.00000000e+00  1.00000000e+00]]
MC
[[ 9.21208560e-01  3.80549288e-01  8.09754775e-02 -2.03046500e+02]
 [-2.79394814e-01  7.91884755e-01 -5.43007433e-01 -2.92195500e+02]
 [-2.70764338e-01  4.77598967e-01  8.35814513e-01 -2.19005500e+02]
 [ 0.00000000e+00  0.00000000e+00  0.00000000e+00  1.00000000e+00]]
IC
[[-5.35534873e-02  9.56867283e-01  2.85546891e-01 -2.19546500e+02]
 [-9.63746556e-01  2.53258398e-02 -2.65614716e-01 -2.84632100e+02]
 [-2.61389747e-01 -2.89419428e-01  9.20821261e-01 -2.21930100e+02]
 [ 0.00000000e+00  0.00000000e+00  0.00000000e+00  1.00000000e+00]]

50% BW + 200N
MT
[[-2.13846058e-01  7.53564791e-01  6.21618829e-01 -1.95391700e+02]
 [-8.84743633e-01  1.20357492e-01 -4.50269672e-01 -2.85689500e+02]
 [-4.14123854e-01 -6.46261696e-01  6.40973676e-01 -2.14961800e+02]
 [ 0.00000000e+00  0.00000000e+00  0.00000000e+00  1.00000000e+00]]
MC
[[ 9.10444210e-01  4.11887108e-01  3.79519397e-02 -1.97059500e+02]
 [-3.24691419e-01  7.68506149e-01 -5.51338173e-01 -2.95566000e+02]
 [-2.56255385e-01  4.89639979e-01  8.33418184e-01 -2.17968500e+02]
 [ 0.00000000e+00  0.00000000e+00  0.00000000e+00  1.00000000e+00]]
IC
[[-1.32881833e-01  9.65143065e-01  2.25480117e-01 -2.13982800e+02]
 [-9.68871786e-01 -7.85469752e-02 -2.34771877e-01 -2.88334600e+02]
 [-2.08877668e-01 -2.49658241e-01  9.45537351e-01 -2.20326000e+02]
 [ 0.00000000e+00  0.00000000e+00  0.00000000e+00  1.00000000e+00]]

50% BW + 400N
MT
[[-4.09038842e-01  6.74070968e-01  6.15073618e-01 -1.95265500e+02]
 [-8.51552343e-01 -3.97300242e-02 -5.22762022e-01 -2.85581800e+02]
 [-3.27941813e-01 -7.37597353e-01  5.90257835e-01 -2.14431200e+02]
 [ 0.00000000e+00  0.00000000e+00  0.00000000e+00  1.00000000e+00]]
MC
[[ 9.07892802e-01  4.14073443e-01  6.53746478e-02 -1.96959300e+02]
 [-3.09185897e-01  7.66740935e-01 -5.62594365e-01 -2.95517500e+02]
 [-2.83080804e-01  4.90562455e-01  8.24144245e-01 -2.17387500e+02]
 [ 0.00000000e+00  0.00000000e+00  0.00000000e+00  1.00000000e+00]]
IC
[[-7.62026277e-02  9.66593927e-01  2.44722984e-01 -2.13950100e+02]
 [-9.73438118e-01 -1.89758309e-02 -2.28162548e-01 -2.88332800e+02]
 [-2.15896711e-01 -2.55609267e-01  9.42365382e-01 -2.20034400e+02]
 [ 0.00000000e+00  0.00000000e+00  0.00000000e+00  1.00000000e+00]]

50% BW + 600N
MT
[[-9.58442338e-02  7.77767359e-01  6.21201914e-01 -1.95091600e+02]
 [-8.98855301e-01  2.00485602e-01 -3.89698180e-01 -2.84834600e+02]
 [-4.27636564e-01 -5.95720957e-01  6.79884925e-01 -2.14102400e+02]
 [ 0.00000000e+00  0.00000000e+00  0.00000000e+00  1.00000000e+00]]
MC
[[ 9.07909133e-01  4.16342488e-01  4.85792010e-02 -1.96708300e+02]
 [-3.18410224e-01  7.60397361e-01 -5.66048392e-01 -2.94718700e+02]
 [-2.72609492e-01  4.98452390e-01  8.22939414e-01 -2.16794000e+02]
 [ 0.00000000e+00  0.00000000e+00  0.00000000e+00  1.00000000e+00]]
IC
[[-9.72530971e-02  9.66485655e-01  2.37586436e-01 -2.14136300e+02]
 [-9.71839139e-01 -4.07364116e-02 -2.32097462e-01 -2.87540800e+02]
 [-2.14640448e-01 -2.53467994e-01  9.43230329e-01 -2.19560900e+02]
 [ 0.00000000e+00  0.00000000e+00  0.00000000e+00  1.00000000e+00]]

50% BW + 800N
MT
[[ 4.81778487e-02  7.91858110e-01  6.08801797e-01 -1.95591700e+02]
 [-8.85208490e-01  3.16192976e-01 -3.41215372e-01 -2.84059500e+02]
 [-4.62693012e-01 -5.22477497e-01  7.16193019e-01 -2.13670300e+02]
 [ 0.00000000e+00  0.00000000e+00  0.00000000e+00  1.00000000e+00]]
MC
[[ 8.99756670e-01  4.32442875e-01  5.85755381e-02 -1.97113400e+02]
 [-3.28526763e-01  7.59580551e-01 -5.61344415e-01 -2.94242700e+02]
 [-2.87242232e-01  4.85829750e-01  8.25506726e-01 -2.16235200e+02]
 [ 0.00000000e+00  0.00000000e+00  0.00000000e+00  1.00000000e+00]]
IC
[[-4.91270332e-02  9.67233193e-01  2.49091317e-01 -2.14290600e+02]
 [-9.74504861e-01  8.24561509e-03 -2.24214822e-01 -2.87455100e+02]
 [-2.18921929e-01 -2.53755708e-01  9.42168366e-01 -2.19282700e+02]
 [ 0.00000000e+00  0.00000000e+00  0.00000000e+00  1.00000000e+00]]

50% BW + 1000N
MT
[[-4.51548222e-01  6.51320907e-01  6.09823974e-01 -1.95656600e+02]
 [-8.41453015e-01 -8.35417585e-02 -5.33832931e-01 -2.83931900e+02]
 [-2.96750781e-01 -7.54189533e-01  5.85779073e-01 -2.13378100e+02]
 [ 0.00000000e+00  0.00000000e+00  0.00000000e+00  1.00000000e+00]]
MC
[[ 9.06487989e-01  4.17867050e-01  6.05529099e-02 -1.97114200e+02]
 [-3.12381006e-01  7.60203514e-01 -5.69656672e-01 -2.94054900e+02]
 [-2.84073288e-01  4.97471352e-01  8.19649084e-01 -2.15978500e+02]
 [ 0.00000000e+00  0.00000000e+00  0.00000000e+00  1.00000000e+00]]
IC
[[-5.06444840e-02  9.68335190e-01  2.44462874e-01 -2.14537500e+02]
 [-9.74831567e-01  5.28334377e-03 -2.22880016e-01 -2.87188900e+02]
 [-2.17114144e-01 -2.49597770e-01  9.43696138e-01 -2.18818300e+02]
 [ 0.00000000e+00  0.00000000e+00  0.00000000e+00  1.00000000e+00]]

50% BW + 1200N
MT
[[-2.56674078e-01  7.55970647e-01  6.02185020e-01 -1.94623600e+02]
 [-8.88866100e-01  6.00217610e-02 -4.54218500e-01 -2.83753300e+02]
 [-3.79520058e-01 -6.51847965e-01  6.56550650e-01 -2.13006200e+02]
 [ 0.00000000e+00  0.00000000e+00  0.00000000e+00  1.00000000e+00]]
MC
[[ 9.06417786e-01  4.17921565e-01  6.12238807e-02 -1.95972600e+02]
 [-3.07321413e-01  7.51972889e-01 -5.83172636e-01 -2.94434800e+02]
 [-2.89759119e-01  5.09782640e-01  8.10037846e-01 -2.15567500e+02]
 [ 0.00000000e+00  0.00000000e+00  0.00000000e+00  1.00000000e+00]]
IC
[[-1.21145963e-02  9.70201044e-01  2.41998286e-01 -2.13178600e+02]
 [-9.78783999e-01  3.79987941e-02 -2.01340445e-01 -2.87823900e+02]
 [-2.04536353e-01 -2.39303208e-01  9.49156918e-01 -2.18444000e+02]
 [ 0.00000000e+00  0.00000000e+00  0.00000000e+00  1.00000000e+00]]

50% BW + 1400N
MT
[[-2.59026121e-01  7.61983598e-01  5.93537249e-01 -1.94721700e+02]
 [-8.93950558e-01  4.35538560e-02 -4.46044238e-01 -2.83614000e+02]
 [-3.65729229e-01 -6.46130063e-01  6.69894076e-01 -2.12606100e+02]
 [ 0.00000000e+00  0.00000000e+00  0.00000000e+00  1.00000000e+00]]
MC
[[ 8.96898966e-01  4.38492681e-01  5.74143936e-02 -1.95910000e+02]
 [-3.26828606e-01  7.44692275e-01 -5.81907620e-01 -2.94396800e+02]
 [-2.97918288e-01  5.03147677e-01  8.11225683e-01 -2.15059400e+02]
 [ 0.00000000e+00  0.00000000e+00  0.00000000e+00  1.00000000e+00]]
IC
[[-6.99893893e-03  9.72896673e-01  2.31134330e-01 -2.13035300e+02]
 [-9.80925155e-01  3.82226127e-02 -1.90590849e-01 -2.87857100e+02]
 [-1.94259761e-01 -2.28059412e-01  9.54071302e-01 -2.17848100e+02]
 [ 0.00000000e+00  0.00000000e+00  0.00000000e+00  1.00000000e+00]]

50% BW + 1600N
MT
[[-7.81259673e-01  1.98022951e-01  5.91963034e-01 -1.94779300e+02]
 [-6.24192892e-01 -2.41659357e-01 -7.42956250e-01 -2.83479300e+02]
 [-4.06898296e-03 -9.49940875e-01  3.12403228e-01 -2.12443400e+02]
 [ 0.00000000e+00  0.00000000e+00  0.00000000e+00  1.00000000e+00]]
MC
[[ 9.06867804e-01  4.18147101e-01  5.23811780e-02 -1.95687000e+02]
 [-3.11883843e-01  7.49547968e-01 -5.83871828e-01 -2.94247700e+02]
 [-2.83406518e-01  5.13157719e-01  8.10154245e-01 -2.14681800e+02]
 [ 0.00000000e+00  0.00000000e+00  0.00000000e+00  1.00000000e+00]]
IC
[[-1.12539194e-02  9.72090694e-01  2.34335299e-01 -2.12974400e+02]
 [-9.79774624e-01  3.61032620e-02 -1.96820325e-01 -2.87830800e+02]
 [-1.99787475e-01 -2.31810780e-01  9.52023491e-01 -2.17543700e+02]
 [ 0.00000000e+00  0.00000000e+00  0.00000000e+00  1.00000000e+00]]

50% BW + 1800N
MT
[[-6.51745193e-01  4.83819576e-01  5.84077753e-01 -1.87386300e+02]
 [-7.41543265e-01 -2.44857128e-01 -6.24626747e-01 -2.85417800e+02]
 [-1.59191047e-01 -8.40216404e-01  5.18357604e-01 -2.12000800e+02]
 [ 0.00000000e+00  0.00000000e+00  0.00000000e+00  1.00000000e+00]]
MC
[[ 8.86599737e-01  4.61077297e-01  3.67237303e-02 -1.87948300e+02]
 [-3.53958360e-01  7.27441270e-01 -5.87828783e-01 -2.96123100e+02]
 [-2.97748863e-01  5.08170173e-01  8.08151403e-01 -2.14222500e+02]
 [ 0.00000000e+00  0.00000000e+00  0.00000000e+00  1.00000000e+00]]
IC
[[-6.90214288e-02  9.70861512e-01  2.29486312e-01 -2.05405200e+02]
 [-9.79455162e-01 -2.22559144e-02 -2.00430185e-01 -2.89974400e+02]
 [-1.89482525e-01 -2.38605531e-01  9.52451455e-01 -2.17036100e+02]
 [ 0.00000000e+00  0.00000000e+00  0.00000000e+00  1.00000000e+00]]

50% BW + 2000N
MT
[[ 6.14226997e-01  2.07990539e-01  7.61226072e-01 -1.50977900e+02]
 [ 7.31099965e-01  2.13087919e-01 -6.48140710e-01 -2.92171100e+02]
 [-2.97015215e-01  9.54637876e-01 -2.11775233e-02 -2.10519000e+02]
 [ 0.00000000e+00  0.00000000e+00  0.00000000e+00  1.00000000e+00]]
MC
[[ 8.96197288e-01  4.43108785e-01  2.20232862e-02 -1.51469600e+02]
 [-3.42975071e-01  7.23453549e-01 -5.99151954e-01 -3.03461400e+02]
 [-2.81422319e-01  5.29404918e-01  8.00332375e-01 -2.12514600e+02]
 [ 0.00000000e+00  0.00000000e+00  0.00000000e+00  1.00000000e+00]]
IC
[[-3.40351976e-01  9.15292817e-01  2.15405646e-01 -1.69034100e+02]
 [-9.23854681e-01 -2.82853097e-01 -2.57850060e-01 -2.97040600e+02]
 [-1.75080154e-01 -2.86763292e-01  9.41867164e-01 -2.15098700e+02]
 [ 0.00000000e+00  0.00000000e+00  0.00000000e+00  1.00000000e+00]]
