Fixation @ 50% Bodyweight
MT
[[-3.15360710e-01  7.06302152e-01  6.33786157e-01 -2.00957200e+02]
 [-8.57911988e-01  7.32782829e-02 -5.08544308e-01 -2.82439900e+02]
 [-4.05628700e-01 -7.04107637e-01  5.82835992e-01 -2.15941900e+02]
 [ 0.00000000e+00  0.00000000e+00  0.00000000e+00  1.00000000e+00]]
MC
[[-3.15360710e-01  7.06302152e-01  6.33786157e-01 -2.00957200e+02]
 [-8.57911988e-01  7.32782829e-02 -5.08544308e-01 -2.82439900e+02]
 [-4.05628700e-01 -7.04107637e-01  5.82835992e-01 -2.15941900e+02]
 [ 0.00000000e+00  0.00000000e+00  0.00000000e+00  1.00000000e+00]]
IC
[[-3.15360710e-01  7.06302152e-01  6.33786157e-01 -2.00957200e+02]
 [-8.57911988e-01  7.32782829e-02 -5.08544308e-01 -2.82439900e+02]
 [-4.05628700e-01 -7.04107637e-01  5.82835992e-01 -2.15941900e+02]
 [ 0.00000000e+00  0.00000000e+00  0.00000000e+00  1.00000000e+00]]
50% BW + 200N
MT
[[-2.13846058e-01  7.53564791e-01  6.21618829e-01 -1.95391700e+02]
 [-8.84743633e-01  1.20357492e-01 -4.50269672e-01 -2.85689500e+02]
 [-4.14123854e-01 -6.46261696e-01  6.40973676e-01 -2.14961800e+02]
 [ 0.00000000e+00  0.00000000e+00  0.00000000e+00  1.00000000e+00]]
MC
[[-2.13846058e-01  7.53564791e-01  6.21618829e-01 -1.95391700e+02]
 [-8.84743633e-01  1.20357492e-01 -4.50269672e-01 -2.85689500e+02]
 [-4.14123854e-01 -6.46261696e-01  6.40973676e-01 -2.14961800e+02]
 [ 0.00000000e+00  0.00000000e+00  0.00000000e+00  1.00000000e+00]]
IC
[[-2.13846058e-01  7.53564791e-01  6.21618829e-01 -1.95391700e+02]
 [-8.84743633e-01  1.20357492e-01 -4.50269672e-01 -2.85689500e+02]
 [-4.14123854e-01 -6.46261696e-01  6.40973676e-01 -2.14961800e+02]
 [ 0.00000000e+00  0.00000000e+00  0.00000000e+00  1.00000000e+00]]
50% BW + 400N
MT
[[-4.09038842e-01  6.74070968e-01  6.15073618e-01 -1.95265500e+02]
 [-8.51552343e-01 -3.97300242e-02 -5.22762022e-01 -2.85581800e+02]
 [-3.27941813e-01 -7.37597353e-01  5.90257835e-01 -2.14431200e+02]
 [ 0.00000000e+00  0.00000000e+00  0.00000000e+00  1.00000000e+00]]
MC
[[-4.09038842e-01  6.74070968e-01  6.15073618e-01 -1.95265500e+02]
 [-8.51552343e-01 -3.97300242e-02 -5.22762022e-01 -2.85581800e+02]
 [-3.27941813e-01 -7.37597353e-01  5.90257835e-01 -2.14431200e+02]
 [ 0.00000000e+00  0.00000000e+00  0.00000000e+00  1.00000000e+00]]
IC
[[-4.09038842e-01  6.74070968e-01  6.15073618e-01 -1.95265500e+02]
 [-8.51552343e-01 -3.97300242e-02 -5.22762022e-01 -2.85581800e+02]
 [-3.27941813e-01 -7.37597353e-01  5.90257835e-01 -2.14431200e+02]
 [ 0.00000000e+00  0.00000000e+00  0.00000000e+00  1.00000000e+00]]
50% BW + 600N
MT
[[-9.58442338e-02  7.77767359e-01  6.21201914e-01 -1.95091600e+02]
 [-8.98855301e-01  2.00485602e-01 -3.89698180e-01 -2.84834600e+02]
 [-4.27636564e-01 -5.95720957e-01  6.79884925e-01 -2.14102400e+02]
 [ 0.00000000e+00  0.00000000e+00  0.00000000e+00  1.00000000e+00]]
MC
[[-9.58442338e-02  7.77767359e-01  6.21201914e-01 -1.95091600e+02]
 [-8.98855301e-01  2.00485602e-01 -3.89698180e-01 -2.84834600e+02]
 [-4.27636564e-01 -5.95720957e-01  6.79884925e-01 -2.14102400e+02]
 [ 0.00000000e+00  0.00000000e+00  0.00000000e+00  1.00000000e+00]]
IC
[[-9.58442338e-02  7.77767359e-01  6.21201914e-01 -1.95091600e+02]
 [-8.98855301e-01  2.00485602e-01 -3.89698180e-01 -2.84834600e+02]
 [-4.27636564e-01 -5.95720957e-01  6.79884925e-01 -2.14102400e+02]
 [ 0.00000000e+00  0.00000000e+00  0.00000000e+00  1.00000000e+00]]
50% BW + 800N
MT
[[ 4.81778487e-02  7.91858110e-01  6.08801797e-01 -1.95591700e+02]
 [-8.85208490e-01  3.16192976e-01 -3.41215372e-01 -2.84059500e+02]
 [-4.62693012e-01 -5.22477497e-01  7.16193019e-01 -2.13670300e+02]
 [ 0.00000000e+00  0.00000000e+00  0.00000000e+00  1.00000000e+00]]
MC
[[ 4.81778487e-02  7.91858110e-01  6.08801797e-01 -1.95591700e+02]
 [-8.85208490e-01  3.16192976e-01 -3.41215372e-01 -2.84059500e+02]
 [-4.62693012e-01 -5.22477497e-01  7.16193019e-01 -2.13670300e+02]
 [ 0.00000000e+00  0.00000000e+00  0.00000000e+00  1.00000000e+00]]
IC
[[ 4.81778487e-02  7.91858110e-01  6.08801797e-01 -1.95591700e+02]
 [-8.85208490e-01  3.16192976e-01 -3.41215372e-01 -2.84059500e+02]
 [-4.62693012e-01 -5.22477497e-01  7.16193019e-01 -2.13670300e+02]
 [ 0.00000000e+00  0.00000000e+00  0.00000000e+00  1.00000000e+00]]
50% BW + 1000N
MT
[[-4.51548222e-01  6.51320907e-01  6.09823974e-01 -1.95656600e+02]
 [-8.41453015e-01 -8.35417585e-02 -5.33832931e-01 -2.83931900e+02]
 [-2.96750781e-01 -7.54189533e-01  5.85779073e-01 -2.13378100e+02]
 [ 0.00000000e+00  0.00000000e+00  0.00000000e+00  1.00000000e+00]]
MC
[[-4.51548222e-01  6.51320907e-01  6.09823974e-01 -1.95656600e+02]
 [-8.41453015e-01 -8.35417585e-02 -5.33832931e-01 -2.83931900e+02]
 [-2.96750781e-01 -7.54189533e-01  5.85779073e-01 -2.13378100e+02]
 [ 0.00000000e+00  0.00000000e+00  0.00000000e+00  1.00000000e+00]]
IC
[[-4.51548222e-01  6.51320907e-01  6.09823974e-01 -1.95656600e+02]
 [-8.41453015e-01 -8.35417585e-02 -5.33832931e-01 -2.83931900e+02]
 [-2.96750781e-01 -7.54189533e-01  5.85779073e-01 -2.13378100e+02]
 [ 0.00000000e+00  0.00000000e+00  0.00000000e+00  1.00000000e+00]]
50% BW + 1200N
MT
[[-2.56674078e-01  7.55970647e-01  6.02185020e-01 -1.94623600e+02]
 [-8.88866100e-01  6.00217610e-02 -4.54218500e-01 -2.83753300e+02]
 [-3.79520058e-01 -6.51847965e-01  6.56550650e-01 -2.13006200e+02]
 [ 0.00000000e+00  0.00000000e+00  0.00000000e+00  1.00000000e+00]]
MC
[[-2.56674078e-01  7.55970647e-01  6.02185020e-01 -1.94623600e+02]
 [-8.88866100e-01  6.00217610e-02 -4.54218500e-01 -2.83753300e+02]
 [-3.79520058e-01 -6.51847965e-01  6.56550650e-01 -2.13006200e+02]
 [ 0.00000000e+00  0.00000000e+00  0.00000000e+00  1.00000000e+00]]
IC
[[-2.56674078e-01  7.55970647e-01  6.02185020e-01 -1.94623600e+02]
 [-8.88866100e-01  6.00217610e-02 -4.54218500e-01 -2.83753300e+02]
 [-3.79520058e-01 -6.51847965e-01  6.56550650e-01 -2.13006200e+02]
 [ 0.00000000e+00  0.00000000e+00  0.00000000e+00  1.00000000e+00]]
50% BW + 1400N
MT
[[-2.59026121e-01  7.61983598e-01  5.93537249e-01 -1.94721700e+02]
 [-8.93950558e-01  4.35538560e-02 -4.46044238e-01 -2.83614000e+02]
 [-3.65729229e-01 -6.46130063e-01  6.69894076e-01 -2.12606100e+02]
 [ 0.00000000e+00  0.00000000e+00  0.00000000e+00  1.00000000e+00]]
MC
[[-2.59026121e-01  7.61983598e-01  5.93537249e-01 -1.94721700e+02]
 [-8.93950558e-01  4.35538560e-02 -4.46044238e-01 -2.83614000e+02]
 [-3.65729229e-01 -6.46130063e-01  6.69894076e-01 -2.12606100e+02]
 [ 0.00000000e+00  0.00000000e+00  0.00000000e+00  1.00000000e+00]]
IC
[[-2.59026121e-01  7.61983598e-01  5.93537249e-01 -1.94721700e+02]
 [-8.93950558e-01  4.35538560e-02 -4.46044238e-01 -2.83614000e+02]
 [-3.65729229e-01 -6.46130063e-01  6.69894076e-01 -2.12606100e+02]
 [ 0.00000000e+00  0.00000000e+00  0.00000000e+00  1.00000000e+00]]
50% BW + 1600N
MT
[[-7.81259673e-01  1.98022951e-01  5.91963034e-01 -1.94779300e+02]
 [-6.24192892e-01 -2.41659357e-01 -7.42956250e-01 -2.83479300e+02]
 [-4.06898296e-03 -9.49940875e-01  3.12403228e-01 -2.12443400e+02]
 [ 0.00000000e+00  0.00000000e+00  0.00000000e+00  1.00000000e+00]]
MC
[[-7.81259673e-01  1.98022951e-01  5.91963034e-01 -1.94779300e+02]
 [-6.24192892e-01 -2.41659357e-01 -7.42956250e-01 -2.83479300e+02]
 [-4.06898296e-03 -9.49940875e-01  3.12403228e-01 -2.12443400e+02]
 [ 0.00000000e+00  0.00000000e+00  0.00000000e+00  1.00000000e+00]]
IC
[[-7.81259673e-01  1.98022951e-01  5.91963034e-01 -1.94779300e+02]
 [-6.24192892e-01 -2.41659357e-01 -7.42956250e-01 -2.83479300e+02]
 [-4.06898296e-03 -9.49940875e-01  3.12403228e-01 -2.12443400e+02]
 [ 0.00000000e+00  0.00000000e+00  0.00000000e+00  1.00000000e+00]]
50% BW + 1800N
MT
[[-6.51745193e-01  4.83819576e-01  5.84077753e-01 -1.87386300e+02]
 [-7.41543265e-01 -2.44857128e-01 -6.24626747e-01 -2.85417800e+02]
 [-1.59191047e-01 -8.40216404e-01  5.18357604e-01 -2.12000800e+02]
 [ 0.00000000e+00  0.00000000e+00  0.00000000e+00  1.00000000e+00]]
MC
[[-6.51745193e-01  4.83819576e-01  5.84077753e-01 -1.87386300e+02]
 [-7.41543265e-01 -2.44857128e-01 -6.24626747e-01 -2.85417800e+02]
 [-1.59191047e-01 -8.40216404e-01  5.18357604e-01 -2.12000800e+02]
 [ 0.00000000e+00  0.00000000e+00  0.00000000e+00  1.00000000e+00]]
IC
[[-6.51745193e-01  4.83819576e-01  5.84077753e-01 -1.87386300e+02]
 [-7.41543265e-01 -2.44857128e-01 -6.24626747e-01 -2.85417800e+02]
 [-1.59191047e-01 -8.40216404e-01  5.18357604e-01 -2.12000800e+02]
 [ 0.00000000e+00  0.00000000e+00  0.00000000e+00  1.00000000e+00]]
50% BW + 2000N
MT
[[ 6.14226997e-01  2.07990539e-01  7.61226072e-01 -1.50977900e+02]
 [ 7.31099965e-01  2.13087919e-01 -6.48140710e-01 -2.92171100e+02]
 [-2.97015215e-01  9.54637876e-01 -2.11775233e-02 -2.10519000e+02]
 [ 0.00000000e+00  0.00000000e+00  0.00000000e+00  1.00000000e+00]]
MC
[[ 6.14226997e-01  2.07990539e-01  7.61226072e-01 -1.50977900e+02]
 [ 7.31099965e-01  2.13087919e-01 -6.48140710e-01 -2.92171100e+02]
 [-2.97015215e-01  9.54637876e-01 -2.11775233e-02 -2.10519000e+02]
 [ 0.00000000e+00  0.00000000e+00  0.00000000e+00  1.00000000e+00]]
IC
[[ 6.14226997e-01  2.07990539e-01  7.61226072e-01 -1.50977900e+02]
 [ 7.31099965e-01  2.13087919e-01 -6.48140710e-01 -2.92171100e+02]
 [-2.97015215e-01  9.54637876e-01 -2.11775233e-02 -2.10519000e+02]
 [ 0.00000000e+00  0.00000000e+00  0.00000000e+00  1.00000000e+00]]
